{
  "diagnostics": [
    {
      "analytic_cosine_similarity": 1.0,
      "analytic_relative_l2_error": 0.0,
      "arm": "full",
      "audit_passed": true,
      "correction_second_moment_v_k": [
        3.3320644929448644,
        0.019031974031542293,
        0.013921198069168726,
        0.014012406142746398
      ],
      "efficiency_objective_ratio_vs_q_one": 0.6528903220527279,
      "efficiency_ratio_95_percent_confidence_interval": [
        0.6188200590224053,
        0.7005953755887873
      ],
      "locked_expected_cuda_cost_ms": 2760.9282417297363,
      "locked_gradient_variance": 0.16309048146258665,
      "locked_schedule": [
        1.0,
        1.0,
        0.75,
        0.25
      ],
      "maximum_level_probabilities": [
        0.0,
        0.25,
        0.5,
        0.25
      ],
      "maximum_memory_fraction": 0.6407779271154318,
      "mean_gradient_correction_cosine": [
        [
          0.9999999999999999,
          0.08696290083450053,
          0.07491709598163776,
          0.07736771420142674
        ],
        [
          0.08696290083450053,
          1.0,
          0.7562616611880616,
          0.43331547765540984
        ],
        [
          0.07491709598163776,
          0.7562616611880616,
          0.9999999999999999,
          0.7597085003216902
        ],
        [
          0.07736771420142674,
          0.43331547765540984,
          0.7597085003216902,
          0.9999999999999998
        ]
      ],
      "mean_gradient_correction_gram": [
        [
          3.2155005609414156,
          0.006845594715161892,
          0.0037160254363034157,
          0.0032334253347208793
        ],
        [
          0.006845594715161892,
          0.0019271066117238628,
          0.0009183292213836969,
          0.0004433389094346195
        ],
        [
          0.0037160254363034157,
          0.0009183292213836969,
          0.0007651505550598315,
          0.0004897779290174096
        ],
        [
          0.0032334253347208793,
          0.0004433389094346195,
          0.0004897779290174096,
          0.0005431972366618712
        ]
      ],
      "mean_gradient_level_cosine": [
        [
          0.9999999999999999,
          0.9997040010040575,
          0.9993064529248792,
          0.9989411159904532
        ],
        [
          0.9997040010040575,
          1.0,
          0.9998829817653598,
          0.9996512460350833
        ],
        [
          0.9993064529248792,
          0.9998829817653598,
          0.9999999999999999,
          0.999917252530902
        ],
        [
          0.9989411159904532,
          0.9996512460350833,
          0.999917252530902,
          1.0
        ]
      ],
      "mean_gradient_level_gram": [
        [
          3.2155005609414156,
          3.2223461556565813,
          3.226062181092876,
          3.229295606427598
        ],
        [
          3.2223461556565813,
          3.2311188569834663,
          3.2357532116411494,
          3.2394299758853005
        ],
        [
          3.226062181092876,
          3.2357532116411494,
          3.24115271685389,
          3.2453192590270667
        ],
        [
          3.229295606427598,
          3.2394299758853005,
          3.2453192590270667,
          3.2500289984369
        ]
      ],
      "mean_gradient_level_norms": [
        1.7931816865397148,
        1.7975313229491903,
        1.8003201706512901,
        1.8027836804333737
      ],
      "mean_level_cuda_time_ms_c_k": [
        518.3142013549805,
        1047.698989868164,
        2274.852813720703,
        5446.308349609375
      ],
      "mean_per_batch_level_cosine": [
        [
          1.0,
          0.9971512374912856,
          0.9936488234032314,
          0.9886959243018195
        ],
        [
          0.9971512374912856,
          1.0,
          0.9979297029171772,
          0.9938147038104344
        ],
        [
          0.9936488234032314,
          0.9979297029171772,
          0.9999999999999999,
          0.9979516513126668
        ],
        [
          0.9886959243018195,
          0.9938147038104344,
          0.9979516513126668,
          1.0
        ]
      ],
      "minimum_off_diagonal_mean_correction_cosine": 0.07491709598163776,
      "minimum_off_diagonal_mean_level_cosine": 0.9989411159904532,
      "parent_cache_sha256": "eb7544d32952f95fd9cb4b8344a13e38bf31f51c368e604814051af143466819",
      "q_one_expected_cuda_cost_ms": 5446.308349609375,
      "q_one_gradient_variance": 0.12663136175912815,
      "report_path": "/home/ubuntu/checkpoint/keunyoung/umcg/full_gradient_3000_20260721T232425_KST_f57ee32/diagnostics/full_step00030.json.report.json",
      "resolved_attention_backend": "pytorch_sdpa_cudnn",
      "source_tree_sha256": "952ae8bbcc29b075017527c68052eec748e228278edde7b0da666a3351805163",
      "step": 30,
      "wall_time_seconds": 2026.5569469928741,
      "weights_path": "/home/ubuntu/checkpoint/keunyoung/umcg/full_gradient_3000_20260721T232425_KST_f57ee32/exports/full_3000_no_ddp_split_step00030.safetensors",
      "weights_sha256": "e44e67fd71360df1df583d19b3e25e36f1490b09742b2a9913b880516ad26e4a"
    },
    {
      "analytic_cosine_similarity": 1.0,
      "analytic_relative_l2_error": 0.0,
      "arm": "full",
      "audit_passed": true,
      "correction_second_moment_v_k": [
        0.4128138333753666,
        0.03861487503528553,
        0.02434683682936071,
        0.02140895904368615
      ],
      "efficiency_objective_ratio_vs_q_one": 0.6770568744619331,
      "efficiency_ratio_95_percent_confidence_interval": [
        0.6441025795474248,
        0.7301492859387375
      ],
      "locked_expected_cuda_cost_ms": 2766.561424255371,
      "locked_gradient_variance": 0.23878323840320492,
      "locked_schedule": [
        1.0,
        1.0,
        0.75,
        0.25
      ],
      "maximum_level_probabilities": [
        0.0,
        0.25,
        0.5,
        0.25
      ],
      "maximum_memory_fraction": 0.6407779271154318,
      "mean_gradient_correction_cosine": [
        [
          1.0,
          -0.00015225681697956478,
          0.028288460147358172,
          0.1409709139989423
        ],
        [
          -0.00015225681697956478,
          1.0,
          0.5600346212967783,
          0.37610807119144285
        ],
        [
          0.028288460147358172,
          0.5600346212967783,
          1.0,
          0.6303087397931957
        ],
        [
          0.1409709139989423,
          0.37610807119144285,
          0.6303087397931957,
          1.0
        ]
      ],
      "mean_gradient_correction_gram": [
        [
          0.22192334578294326,
          -2.845434488356094e-06,
          0.00040319783151252945,
          0.001960354002180243
        ],
        [
          -2.845434488356094e-06,
          0.0015737679556825474,
          0.0006721908698291811,
          0.0004404397372809328
        ],
        [
          0.00040319783151252945,
          0.0006721908698291811,
          0.0009154081372032608,
          0.0005629427182063172
        ],
        [
          0.001960354002180243,
          0.0004404397372809328,
          0.0005629427182063172,
          0.0008713787904329868
        ]
      ],
      "mean_gradient_level_cosine": [
        [
          1.0,
          0.9964729111036148,
          0.9915050637471321,
          0.98556888529401
        ],
        [
          0.9964729111036148,
          1.0,
          0.9979891434253795,
          0.9938561539286827
        ],
        [
          0.9915050637471321,
          0.9979891434253795,
          1.0,
          0.9982144218822848
        ],
        [
          0.98556888529401,
          0.9938561539286827,
          0.9982144218822848,
          1.0
        ]
      ],
      "mean_gradient_level_gram": [
        [
          0.22192334578294326,
          0.22192050034845426,
          0.2223236981799672,
          0.22428405218214773
        ],
        [
          0.22192050034845426,
          0.22349142286964835,
          0.22456681157099076,
          0.2269676053104513
        ],
        [
          0.2223236981799672,
          0.22456681157099076,
          0.2265576084095354,
          0.229521344867203
        ],
        [
          0.22428405218214773,
          0.2269676053104513,
          0.229521344867203,
          0.23335646011530303
        ]
      ],
      "mean_gradient_level_norms": [
        0.47108740779492636,
        0.472748794678155,
        0.4759806807103996,
        0.4830698294401163
      ],
      "mean_level_cuda_time_ms_c_k": [
        518.4856643676758,
        1049.1667785644531,
        2278.951629638672,
        5459.1756591796875
      ],
      "mean_per_batch_level_cosine": [
        [
          1.0,
          0.9523645978674594,
          0.9084865919644658,
          0.8624485458860593
        ],
        [
          0.9523645978674594,
          1.0,
          0.9694760304951529,
          0.9283429611556299
        ],
        [
          0.9084865919644658,
          0.9694760304951529,
          1.0,
          0.9755641775572912
        ],
        [
          0.8624485458860593,
          0.9283429611556299,
          0.9755641775572912,
          1.0
        ]
      ],
      "minimum_off_diagonal_mean_correction_cosine": -0.00015225681697956478,
      "minimum_off_diagonal_mean_level_cosine": 0.98556888529401,
      "parent_cache_sha256": "eb7544d32952f95fd9cb4b8344a13e38bf31f51c368e604814051af143466819",
      "q_one_expected_cuda_cost_ms": 5459.1756591796875,
      "q_one_gradient_variance": 0.17872772777772566,
      "report_path": "/home/ubuntu/checkpoint/keunyoung/umcg/full_gradient_3000_20260721T232425_KST_f57ee32/diagnostics/full_step00300.json.report.json",
      "resolved_attention_backend": "pytorch_sdpa_cudnn",
      "source_tree_sha256": "952ae8bbcc29b075017527c68052eec748e228278edde7b0da666a3351805163",
      "step": 300,
      "wall_time_seconds": 1963.2709674835205,
      "weights_path": "/home/ubuntu/checkpoint/keunyoung/umcg/full_gradient_3000_20260721T232425_KST_f57ee32/exports/full_3000_no_ddp_split_step00300.safetensors",
      "weights_sha256": "ee311e99fef4e22f5f1a2081c5052a3984d759f9c65a3956a6c22180625166f7"
    },
    {
      "analytic_cosine_similarity": 1.0,
      "analytic_relative_l2_error": 0.0,
      "arm": "full",
      "audit_passed": true,
      "correction_second_moment_v_k": [
        0.25174928384703527,
        0.053439108252392155,
        0.02771219570208064,
        0.019996760628897693
      ],
      "efficiency_objective_ratio_vs_q_one": 0.6755634194161014,
      "efficiency_ratio_95_percent_confidence_interval": [
        0.6518398639858853,
        0.7121682143478826
      ],
      "locked_expected_cuda_cost_ms": 2767.988842010498,
      "locked_gradient_variance": 0.20777066884848278,
      "locked_schedule": [
        1.0,
        1.0,
        0.75,
        0.25
      ],
      "maximum_level_probabilities": [
        0.0,
        0.25,
        0.5,
        0.25
      ],
      "maximum_memory_fraction": 0.6407779271154318,
      "mean_gradient_correction_cosine": [
        [
          1.0,
          0.08750664891388782,
          0.06589638502094972,
          0.15085462902514105
        ],
        [
          0.08750664891388782,
          0.9999999999999999,
          0.39807320224319886,
          0.35936869155109535
        ],
        [
          0.06589638502094972,
          0.39807320224319886,
          1.0,
          0.45508729153356314
        ],
        [
          0.15085462902514105,
          0.35936869155109535,
          0.45508729153356314,
          1.0
        ]
      ],
      "mean_gradient_correction_gram": [
        [
          0.0318412251599579,
          0.0005899467232987262,
          0.00030926267928229923,
          0.0006149989276679606
        ],
        [
          0.0005899467232987262,
          0.0014274263558955963,
          0.0003955586051189552,
          0.0003101972379481114
        ],
        [
          0.00030926267928229923,
          0.0003955586051189552,
          0.0006917387062713134,
          0.0002734554472394095
        ],
        [
          0.0006149989276679606,
          0.0003101972379481114,
          0.0002734554472394095,
          0.0005219653391747964
        ]
      ],
      "mean_gradient_level_cosine": [
        [
          1.0,
          0.9792246008011513,
          0.9597238823148555,
          0.9408980554010076
        ],
        [
          0.9792246008011513,
          0.9999999999999998,
          0.9906910168782762,
          0.9784410151694503
        ],
        [
          0.9597238823148555,
          0.9906910168782762,
          1.0,
          0.9938668584698698
        ],
        [
          0.9408980554010076,
          0.9784410151694503,
          0.9938668584698698,
          1.0
        ]
      ],
      "mean_gradient_level_gram": [
        [
          0.0318412251599579,
          0.03243117188325657,
          0.03274043456253894,
          0.033355433490206754
        ],
        [
          0.03243117188325657,
          0.03444854496245085,
          0.035153366246852114,
          0.0360785624124683
        ],
        [
          0.03274043456253894,
          0.035153366246852114,
          0.03654992623752483,
          0.03774857785038011
        ],
        [
          0.033355433490206754,
          0.0360785624124683,
          0.03774857785038011,
          0.03946919480241043
        ]
      ],
      "mean_gradient_level_norms": [
        0.17844109717203013,
        0.1856031922205296,
        0.19118035002982087,
        0.1986685551425047
      ],
      "mean_level_cuda_time_ms_c_k": [
        519.0694427490234,
        1049.3260955810547,
        2279.4230346679688,
        5463.783203125
      ],
      "mean_per_batch_level_cosine": [
        [
          1.0,
          0.887982054445602,
          0.8154999815397166,
          0.7520948980671971
        ],
        [
          0.887982054445602,
          1.0,
          0.9330445890464776,
          0.8707490875850592
        ],
        [
          0.8154999815397166,
          0.9330445890464776,
          0.9999999999999999,
          0.9520034867212757
        ],
        [
          0.7520948980671971,
          0.8707490875850592,
          0.9520034867212757,
          1.0
        ]
      ],
      "minimum_off_diagonal_mean_correction_cosine": 0.06589638502094972,
      "minimum_off_diagonal_mean_level_cosine": 0.9408980554010076,
      "parent_cache_sha256": "eb7544d32952f95fd9cb4b8344a13e38bf31f51c368e604814051af143466819",
      "q_one_expected_cuda_cost_ms": 5463.783203125,
      "q_one_gradient_variance": 0.15580772596381842,
      "report_path": "/home/ubuntu/checkpoint/keunyoung/umcg/full_gradient_3000_20260721T232425_KST_f57ee32/diagnostics/full_step01500.json.report.json",
      "resolved_attention_backend": "pytorch_sdpa_cudnn",
      "source_tree_sha256": "952ae8bbcc29b075017527c68052eec748e228278edde7b0da666a3351805163",
      "step": 1500,
      "wall_time_seconds": 2021.02188706398,
      "weights_path": "/home/ubuntu/checkpoint/keunyoung/umcg/full_gradient_3000_20260721T232425_KST_f57ee32/exports/full_3000_no_ddp_split_step01500.safetensors",
      "weights_sha256": "afba4eaac5f6c7408492d5b6d69e851b91be92cd64510e9b70ac01637c8c59fc"
    },
    {
      "analytic_cosine_similarity": 1.0,
      "analytic_relative_l2_error": 0.0,
      "arm": "full",
      "audit_passed": true,
      "correction_second_moment_v_k": [
        0.26919248049373695,
        0.06312271964335754,
        0.03305958007318482,
        0.020783974739867185
      ],
      "efficiency_objective_ratio_vs_q_one": 0.6776683028734641,
      "efficiency_ratio_95_percent_confidence_interval": [
        0.6543519985981758,
        0.714811042578417
      ],
      "locked_expected_cuda_cost_ms": 2767.0104942321777,
      "locked_gradient_variance": 0.2324616609551931,
      "locked_schedule": [
        1.0,
        1.0,
        0.75,
        0.25
      ],
      "maximum_level_probabilities": [
        0.0,
        0.25,
        0.5,
        0.25
      ],
      "maximum_memory_fraction": 0.6407779271154318,
      "mean_gradient_correction_cosine": [
        [
          0.9999999999999999,
          -0.4281012029382607,
          -0.28090746733943583,
          -0.16384065246490073
        ],
        [
          -0.4281012029382607,
          0.9999999999999998,
          0.07270843129454763,
          0.05055064274977723
        ],
        [
          -0.28090746733943583,
          0.07270843129454763,
          0.9999999999999998,
          0.14560494012811662
        ],
        [
          -0.16384065246490073,
          0.05055064274977723,
          0.14560494012811662,
          1.0
        ]
      ],
      "mean_gradient_correction_gram": [
        [
          0.005516594422327879,
          -0.0010128556890528597,
          -0.0004937427447538672,
          -0.00022012622157338284
        ],
        [
          -0.0010128556890528597,
          0.001014684885477072,
          5.4809051341043846e-05,
          2.912774473295029e-05
        ],
        [
          -0.0004937427447538672,
          5.4809051341043846e-05,
          0.0005600203770640753,
          6.23293513375092e-05
        ],
        [
          -0.00022012622157338284,
          2.912774473295029e-05,
          6.23293513375092e-05,
          0.0003272119564327737
        ]
      ],
      "mean_gradient_level_cosine": [
        [
          0.9999999999999999,
          0.9033642293901035,
          0.8342948147866703,
          0.7819997313905662
        ],
        [
          0.9033642293901035,
          0.9999999999999998,
          0.9362061202138109,
          0.8848833611616473
        ],
        [
          0.8342948147866703,
          0.9362061202138109,
          1.0,
          0.9612881148101102
        ],
        [
          0.7819997313905662,
          0.8848833611616473,
          0.9612881148101102,
          1.0
        ]
      ],
      "mean_gradient_level_gram": [
        [
          0.005516594422327879,
          0.0045037387332750225,
          0.004009995988521144,
          0.003789869766947768
        ],
        [
          0.0045037387332750225,
          0.004505567929699219,
          0.0040666342362864075,
          0.003875635759445976
        ],
        [
          0.004009995988521144,
          0.0040666342362864075,
          0.004187720919937652,
          0.004059051794434734
        ],
        [
          0.003789869766947768,
          0.003875635759445976,
          0.004059051794434734,
          0.004257594625364587
        ]
      ],
      "mean_gradient_level_norms": [
        0.07427378018067937,
        0.06712352739315194,
        0.06471260248156963,
        0.06525024617091178
      ],
      "mean_level_cuda_time_ms_c_k": [
        519.4003295898438,
        1049.2826385498047,
        2278.8914794921875,
        5460.976379394531
      ],
      "mean_per_batch_level_cosine": [
        [
          0.9999999999999998,
          0.875001350429121,
          0.7962781601860776,
          0.7343774297541599
        ],
        [
          0.875001350429121,
          1.0,
          0.9191305629774772,
          0.8536486099196285
        ],
        [
          0.7962781601860776,
          0.9191305629774772,
          1.0,
          0.9464183420320771
        ],
        [
          0.7343774297541599,
          0.8536486099196285,
          0.9464183420320771,
          1.0
        ]
      ],
      "minimum_off_diagonal_mean_correction_cosine": -0.4281012029382607,
      "minimum_off_diagonal_mean_level_cosine": 0.7819997313905662,
      "parent_cache_sha256": "eb7544d32952f95fd9cb4b8344a13e38bf31f51c368e604814051af143466819",
      "q_one_expected_cuda_cost_ms": 5460.976379394531,
      "q_one_gradient_variance": 0.17380996504552762,
      "report_path": "/home/ubuntu/checkpoint/keunyoung/umcg/full_gradient_3000_20260721T232425_KST_f57ee32/diagnostics/full_step02700.json.report.json",
      "resolved_attention_backend": "pytorch_sdpa_cudnn",
      "source_tree_sha256": "952ae8bbcc29b075017527c68052eec748e228278edde7b0da666a3351805163",
      "step": 2700,
      "wall_time_seconds": 2064.5418181419373,
      "weights_path": "/home/ubuntu/checkpoint/keunyoung/umcg/full_gradient_3000_20260721T232425_KST_f57ee32/exports/full_3000_no_ddp_split_step02700.safetensors",
      "weights_sha256": "d6e157beb4deba8d00a8f8f9ae839afaa5654ef3570094606c213ec5e2d56d02"
    },
    {
      "analytic_cosine_similarity": 1.0,
      "analytic_relative_l2_error": 0.0,
      "arm": "full",
      "audit_passed": true,
      "correction_second_moment_v_k": [
        0.27064631335252487,
        0.06384676207047177,
        0.03343585637780635,
        0.020956314578914288
      ],
      "efficiency_objective_ratio_vs_q_one": 0.6778466533950911,
      "efficiency_ratio_95_percent_confidence_interval": [
        0.6544460781541469,
        0.7150340508318428
      ],
      "locked_expected_cuda_cost_ms": 2767.8886337280273,
      "locked_gradient_variance": 0.2342514775311736,
      "locked_schedule": [
        1.0,
        1.0,
        0.75,
        0.25
      ],
      "maximum_level_probabilities": [
        0.0,
        0.25,
        0.5,
        0.25
      ],
      "maximum_memory_fraction": 0.6407779271154318,
      "mean_gradient_correction_cosine": [
        [
          1.0,
          -0.4715195909328756,
          -0.3050327144570642,
          -0.18635400355751136
        ],
        [
          -0.4715195909328756,
          0.9999999999999998,
          0.0499380021661689,
          0.032321479066367745
        ],
        [
          -0.3050327144570642,
          0.0499380021661689,
          1.0,
          0.11559371055242838
        ],
        [
          -0.18635400355751136,
          0.032321479066367745,
          0.11559371055242838,
          1.0
        ]
      ],
      "mean_gradient_correction_gram": [
        [
          0.004407484784028959,
          -0.0009959316747850243,
          -0.00047026465142286885,
          -0.00022112649656012888
        ],
        [
          -0.0009959316747850243,
          0.001012205714458907,
          3.6894876514021984e-05,
          1.8379439614843855e-05
        ],
        [
          -0.00047026465142286885,
          3.6894876514021984e-05,
          0.0005392634796418051,
          4.7977913442402045e-05
        ],
        [
          -0.00022112649656012888,
          1.8379439614843855e-05,
          4.7977913442402045e-05,
          0.0003194576509794057
        ]
      ],
      "mean_gradient_level_cosine": [
        [
          1.0,
          0.8777023651144082,
          0.7956769371808933,
          0.7346834820976634
        ],
        [
          0.8777023651144082,
          1.0,
          0.9185509285295589,
          0.8549915407634201
        ],
        [
          0.7956769371808933,
          0.9185509285295589,
          1.0,
          0.9485639020336982
        ],
        [
          0.7346834820976634,
          0.8549915407634201,
          0.9485639020336982,
          1.0
        ]
      ],
      "mean_gradient_level_gram": [
        [
          0.004407484784028959,
          0.0034115531092439406,
          0.002941288457821077,
          0.002720161961260948
        ],
        [
          0.0034115531092439406,
          0.003427827148917821,
          0.0029944573740089864,
          0.0027917103170636975
        ],
        [
          0.002941288457821077,
          0.0029944573740089864,
          0.003100351078741944,
          0.002945581935239052
        ],
        [
          0.002720161961260948,
          0.0027917103170636975,
          0.002945581935239052,
          0.0031102704427155834
        ]
      ],
      "mean_gradient_level_norms": [
        0.06638889051662905,
        0.058547648534487025,
        0.05568079631921533,
        0.055769798661243014
      ],
      "mean_level_cuda_time_ms_c_k": [
        519.7698593139648,
        1050.3938903808594,
        2280.2222595214844,
        5460.716125488281
      ],
      "mean_per_batch_level_cosine": [
        [
          0.9999999999999998,
          0.8741939587879111,
          0.7951212093332171,
          0.7330730671861347
        ],
        [
          0.8741939587879111,
          1.0,
          0.9185078040677667,
          0.852710242603255
        ],
        [
          0.7951212093332171,
          0.9185078040677667,
          1.0,
          0.9461332947226072
        ],
        [
          0.7330730671861347,
          0.852710242603255,
          0.9461332947226072,
          1.0
        ]
      ],
      "minimum_off_diagonal_mean_correction_cosine": -0.4715195909328756,
      "minimum_off_diagonal_mean_level_cosine": 0.7346834820976634,
      "parent_cache_sha256": "eb7544d32952f95fd9cb4b8344a13e38bf31f51c368e604814051af143466819",
      "q_one_expected_cuda_cost_ms": 5460.716125488281,
      "q_one_gradient_variance": 0.17516603296719532,
      "report_path": "/home/ubuntu/checkpoint/keunyoung/umcg/full_gradient_3000_20260721T232425_KST_f57ee32/diagnostics/full_step03000.json.report.json",
      "resolved_attention_backend": "pytorch_sdpa_cudnn",
      "source_tree_sha256": "952ae8bbcc29b075017527c68052eec748e228278edde7b0da666a3351805163",
      "step": 3000,
      "wall_time_seconds": 1984.9681968688965,
      "weights_path": "/home/ubuntu/checkpoint/keunyoung/umcg/full_gradient_3000_20260721T232425_KST_f57ee32/exports/full_3000_no_ddp_split_step03000.safetensors",
      "weights_sha256": "b26d0bea984953a443e60864ef0b067930d374305c8eb5cad3d76c0f1bc1164b"
    },
    {
      "analytic_cosine_similarity": 1.0,
      "analytic_relative_l2_error": 0.0,
      "arm": "rr",
      "audit_passed": true,
      "correction_second_moment_v_k": [
        3.298969022307828,
        0.019089859054239496,
        0.013952755466126109,
        0.0140576076260189
      ],
      "efficiency_objective_ratio_vs_q_one": 0.6528986438635089,
      "efficiency_ratio_95_percent_confidence_interval": [
        0.6188269473949539,
        0.7006355631637047
      ],
      "locked_expected_cuda_cost_ms": 2760.2128524780273,
      "locked_gradient_variance": 0.16319342093070333,
      "locked_schedule": [
        1.0,
        1.0,
        0.75,
        0.25
      ],
      "maximum_level_probabilities": [
        0.0,
        0.25,
        0.5,
        0.25
      ],
      "maximum_memory_fraction": 0.6407779271154318,
      "mean_gradient_correction_cosine": [
        [
          1.0,
          0.08770059024961417,
          0.07310623526998374,
          0.07764767255655625
        ],
        [
          0.08770059024961417,
          1.0,
          0.7587548044426866,
          0.44064323829595703
        ],
        [
          0.07310623526998374,
          0.7587548044426866,
          0.9999999999999999,
          0.7640057638609167
        ],
        [
          0.07764767255655625,
          0.44064323829595703,
          0.7640057638609167,
          1.0
        ]
      ],
      "mean_gradient_correction_gram": [
        [
          3.1820320251261878,
          0.0069261881380722114,
          0.003641132254671978,
          0.0032587119572666627
        ],
        [
          0.0069261881380722114,
          0.001960103434534799,
          0.0009379306105797927,
          0.0004589779940844771
        ],
        [
          0.003641132254671978,
          0.0009379306105797927,
          0.0007795779054001674,
          0.0005018704837864601
        ],
        [
          0.0032587119572666627,
          0.0004589779940844771,
          0.0005018704837864601,
          0.0005535164306519294
        ]
      ],
      "mean_gradient_level_cosine": [
        [
          1.0,
          0.9996958383449994,
          0.9992857860700047,
          0.9989065869469049
        ],
        [
          0.9996958383449994,
          0.9999999999999999,
          0.9998795012297221,
          0.9996400546511677
        ],
        [
          0.9992857860700047,
          0.9998795012297221,
          1.0,
          0.9999148231804176
        ],
        [
          0.9989065869469049,
          0.9996400546511677,
          0.9999148231804176,
          1.0
        ]
      ],
      "mean_gradient_level_gram": [
        [
          3.1820320251261878,
          3.188958213264255,
          3.192599345518919,
          3.1958580574761872
        ],
        [
          3.188958213264255,
          3.197844504836863,
          3.202423567702114,
          3.2061412576534627
        ],
        [
          3.192599345518919,
          3.202423567702114,
          3.2077822084727714,
          3.2120017689079017
        ],
        [
          3.1958580574761872,
          3.2061412576534627,
          3.2120017689079017,
          3.216774845773695
        ]
      ],
      "mean_gradient_level_norms": [
        1.78382511057732,
        1.7882518012955735,
        1.7910282545154812,
        1.7935369652654765
      ],
      "mean_level_cuda_time_ms_c_k": [
        518.0007705688477,
        1047.2729797363281,
        2274.206817626953,
        5445.164794921875
      ],
      "mean_per_batch_level_cosine": [
        [
          1.0,
          0.997114054204719,
          0.9935649110979,
          0.9885427850672878
        ],
        [
          0.997114054204719,
          1.0,
          0.9979044008461562,
          0.9937328945231146
        ],
        [
          0.9935649110979,
          0.9979044008461562,
          1.0,
          0.9979251059418174
        ],
        [
          0.9885427850672878,
          0.9937328945231146,
          0.9979251059418174,
          1.0
        ]
      ],
      "minimum_off_diagonal_mean_correction_cosine": 0.07310623526998374,
      "minimum_off_diagonal_mean_level_cosine": 0.9989065869469049,
      "parent_cache_sha256": "eb7544d32952f95fd9cb4b8344a13e38bf31f51c368e604814051af143466819",
      "q_one_expected_cuda_cost_ms": 5445.164794921875,
      "q_one_gradient_variance": 0.12670344568870417,
      "report_path": "/home/ubuntu/checkpoint/keunyoung/umcg/full_gradient_3000_20260721T232425_KST_f57ee32/diagnostics/rr_step00030.json.report.json",
      "resolved_attention_backend": "pytorch_sdpa_cudnn",
      "source_tree_sha256": "952ae8bbcc29b075017527c68052eec748e228278edde7b0da666a3351805163",
      "step": 30,
      "wall_time_seconds": 1949.8830711841583,
      "weights_path": "/home/ubuntu/checkpoint/keunyoung/umcg/full_gradient_3000_20260721T232425_KST_f57ee32/exports/rr_3000_step00030.safetensors",
      "weights_sha256": "84ef521ce766ae9fccd98a71a30510ee40bbd0aef1ef8b93c0c9048c0a2ed495"
    },
    {
      "analytic_cosine_similarity": 1.0,
      "analytic_relative_l2_error": 0.0,
      "arm": "rr",
      "audit_passed": true,
      "correction_second_moment_v_k": [
        0.4708450861063506,
        0.03864164551317425,
        0.02496715078238955,
        0.02300896983311355
      ],
      "efficiency_objective_ratio_vs_q_one": 0.6824745885917161,
      "efficiency_ratio_95_percent_confidence_interval": [
        0.650079538543169,
        0.7357786890070142
      ],
      "locked_expected_cuda_cost_ms": 2767.7276191711426,
      "locked_gradient_variance": 0.23574183442336538,
      "locked_schedule": [
        1.0,
        1.0,
        0.75,
        0.25
      ],
      "maximum_level_probabilities": [
        0.0,
        0.25,
        0.5,
        0.25
      ],
      "maximum_memory_fraction": 0.6407779271154318,
      "mean_gradient_correction_cosine": [
        [
          1.0,
          0.21138477622860483,
          0.29421340209093977,
          0.3924567659866839
        ],
        [
          0.21138477622860483,
          1.0,
          0.6462650162481316,
          0.4069880155322623
        ],
        [
          0.29421340209093977,
          0.6462650162481316,
          1.0,
          0.6581651500511625
        ],
        [
          0.3924567659866839,
          0.4069880155322623,
          0.6581651500511625,
          1.0
        ]
      ],
      "mean_gradient_correction_gram": [
        [
          0.2863205721672995,
          0.005344313352163873,
          0.005360774192326503,
          0.007619196461299291
        ],
        [
          0.005344313352163873,
          0.0022324609033814854,
          0.0010397797706364598,
          0.0006976934189095083
        ],
        [
          0.005360774192326503,
          0.0010397797706364598,
          0.0011595182037330027,
          0.0008131389092263318
        ],
        [
          0.007619196461299291,
          0.0006976934189095083,
          0.0008131389092263318,
          0.001316382648904629
        ]
      ],
      "mean_gradient_level_cosine": [
        [
          1.0,
          0.9964301089330849,
          0.9918710874453865,
          0.9869378286616504
        ],
        [
          0.9964301089330849,
          1.0,
          0.9983661497710552,
          0.994911098405381
        ],
        [
          0.9918710874453865,
          0.9983661497710552,
          1.0,
          0.9984207720410497
        ],
        [
          0.9869378286616504,
          0.994911098405381,
          0.9984207720410497,
          1.0
        ]
      ],
      "mean_gradient_level_gram": [
        [
          0.2863205721672995,
          0.2916648855194636,
          0.29702565971179007,
          0.30464485617308823
        ],
        [
          0.2916648855194636,
          0.2992416597750085,
          0.3056422137379721,
          0.3139591036181803
        ],
        [
          0.29702565971179007,
          0.3056422137379721,
          0.3132022859046671,
          0.3223323146941035
        ],
        [
          0.30464485617308823,
          0.3139591036181803,
          0.3223323146941035,
          0.332778726132443
        ]
      ],
      "mean_gradient_level_norms": [
        0.5350893123276707,
        0.5470298527274434,
        0.5596447854708083,
        0.576869765313145
      ],
      "mean_level_cuda_time_ms_c_k": [
        519.6674194335938,
        1049.6163482666016,
        2279.6065979003906,
        5462.0809326171875
      ],
      "mean_per_batch_level_cosine": [
        [
          0.9999999999999999,
          0.9586825693636862,
          0.9203509044318983,
          0.87963145607514
        ],
        [
          0.9586825693636862,
          1.0,
          0.9739938553091452,
          0.937873417617016
        ],
        [
          0.9203509044318983,
          0.9739938553091452,
          0.9999999999999999,
          0.9789455057136924
        ],
        [
          0.87963145607514,
          0.937873417617016,
          0.9789455057136924,
          1.0
        ]
      ],
      "minimum_off_diagonal_mean_correction_cosine": 0.21138477622860483,
      "minimum_off_diagonal_mean_level_cosine": 0.9869378286616504,
      "parent_cache_sha256": "eb7544d32952f95fd9cb4b8344a13e38bf31f51c368e604814051af143466819",
      "q_one_expected_cuda_cost_ms": 5462.0809326171875,
      "q_one_gradient_variance": 0.1750311676403254,
      "report_path": "/home/ubuntu/checkpoint/keunyoung/umcg/full_gradient_3000_20260721T232425_KST_f57ee32/diagnostics/rr_step00300.json.report.json",
      "resolved_attention_backend": "pytorch_sdpa_cudnn",
      "source_tree_sha256": "952ae8bbcc29b075017527c68052eec748e228278edde7b0da666a3351805163",
      "step": 300,
      "wall_time_seconds": 2029.0586874485016,
      "weights_path": "/home/ubuntu/checkpoint/keunyoung/umcg/full_gradient_3000_20260721T232425_KST_f57ee32/exports/rr_3000_step00300.safetensors",
      "weights_sha256": "7d80709b29f0dd6386cfd00d7a55c7a97a67858ef29a64f43ea1a4cf056d1919"
    },
    {
      "analytic_cosine_similarity": 1.0,
      "analytic_relative_l2_error": 0.0,
      "arm": "rr",
      "audit_passed": true,
      "correction_second_moment_v_k": [
        0.21377378549332762,
        0.04562824466376085,
        0.02333349941345854,
        0.015463878926446491
      ],
      "efficiency_objective_ratio_vs_q_one": 0.6687547784712321,
      "efficiency_ratio_95_percent_confidence_interval": [
        0.6468742386016318,
        0.7038369606066137
      ],
      "locked_expected_cuda_cost_ms": 2765.9693298339844,
      "locked_gradient_variance": 0.1774920784581004,
      "locked_schedule": [
        1.0,
        1.0,
        0.75,
        0.25
      ],
      "maximum_level_probabilities": [
        0.0,
        0.25,
        0.5,
        0.25
      ],
      "maximum_memory_fraction": 0.6407779271154318,
      "mean_gradient_correction_cosine": [
        [
          0.9999999999999998,
          -0.07613836385302465,
          -0.042290623658045284,
          -0.006021440017975764
        ],
        [
          -0.07613836385302465,
          1.0,
          0.2967643537495483,
          0.21989181556660323
        ],
        [
          -0.042290623658045284,
          0.2967643537495483,
          1.0,
          0.33387174863357827
        ],
        [
          -0.006021440017975764,
          0.21989181556660323,
          0.33387174863357827,
          1.0
        ]
      ],
      "mean_gradient_correction_gram": [
        [
          0.020369255386495172,
          -0.0003415028111244223,
          -0.00013438789791097718,
          -1.5204030517221971e-05
        ],
        [
          -0.0003415028111244223,
          0.0009876574242788966,
          0.0002076554790677772,
          0.00012225961473398463
        ],
        [
          -0.00013438789791097718,
          0.0002076554790677772,
          0.0004957434545504334,
          0.00013151611085012268
        ],
        [
          -1.5204030517221971e-05,
          0.00012225961473398463,
          0.00013151611085012268,
          0.0003129980147063069
        ]
      ],
      "mean_gradient_level_cosine": [
        [
          0.9999999999999998,
          0.9759630142270108,
          0.954697793389724,
          0.9367642804541272
        ],
        [
          0.9759630142270108,
          1.0,
          0.9883094218544873,
          0.9754939680168241
        ],
        [
          0.954697793389724,
          0.9883094218544873,
          1.0,
          0.9929562085972296
        ],
        [
          0.9367642804541272,
          0.9754939680168241,
          0.9929562085972296,
          1.0
        ]
      ],
      "mean_gradient_level_gram": [
        [
          0.020369255386495172,
          0.02002775257537072,
          0.019893364677459727,
          0.019878160646942526
        ],
        [
          0.02002775257537072,
          0.020673907188525267,
          0.020747174769681985,
          0.020854230353898738
        ],
        [
          0.019893364677459727,
          0.020747174769681985,
          0.02131618580538922,
          0.021554757500456104
        ],
        [
          0.019878160646942526,
          0.020854230353898738,
          0.021554757500456104,
          0.02210632721022932
        ]
      ],
      "mean_gradient_level_norms": [
        0.14272090031419776,
        0.1437842383174361,
        0.14600063631843943,
        0.1486819666611567
      ],
      "mean_level_cuda_time_ms_c_k": [
        518.3322525024414,
        1048.751953125,
        2278.583038330078,
        5457.959289550781
      ],
      "mean_per_batch_level_cosine": [
        [
          1.0,
          0.8870436377486438,
          0.8149160459305274,
          0.7550790353052049
        ],
        [
          0.8870436377486438,
          1.0,
          0.931458382987208,
          0.8715675921623636
        ],
        [
          0.8149160459305274,
          0.931458382987208,
          1.0,
          0.953383529671041
        ],
        [
          0.7550790353052049,
          0.8715675921623636,
          0.953383529671041,
          1.0
        ]
      ],
      "minimum_off_diagonal_mean_correction_cosine": -0.07613836385302465,
